Job #   Fence   Paved Area    PaveCost   Fence Length   Fence Cost   Taxes   Total Cost
7100      1       600.00      11700.00      120.00       3390.00    1967.55   17102.55
7101      0         9.00        175.50        0.00        150.00      28.66     249.16
7102      1       784.00      15288.00      112.00       3174.00    2405.91   20912.91
7103      0        70.16       1384.50        0.00        150.00     183.71    1596.87
7104      1      2323.24      45318.00      192.80       5361.00    6594.12   57318.12
7105      0       501.76       9789.00        0.00        150.00    1277.81   11107.13
7106      0         8.39        175.50        0.00        150.00      27.11     235.64
7107      1         3.90         78.00        9.00        393.00      67.08     583.08
7108      1        70.56       1384.50       33.60       1068.00     324.67    2822.17
